4630.12   26.0  18381.377  500000.0  -2.587  1.0  99.0    a
4668.139  26.0  35254.496  500000.0  -2.563  1.0  99.0    a
4733.591  26.0  11977.335  500000.0  -2.988  1.0  99.0    a
4736.773  26.0  25898.465  500000.0  -0.674  1.0  99.0    a
4741.529  26.0  22841.623  500000.0  -1.764  1.0  99.0    a
4786.807  26.0  24333.75   500000.0  -1.606  1.0  99.0    a
4817.778  26.0  17929.707  500000.0  -3.43   1.0  99.0    a
4872.138  26.0  23244.9    500000.0  -0.567  1.0  99.0    a
4882.143  26.0  27559.969  500000.0  -1.48   1.0  99.0    a
4903.31   26.0  23244.9    500000.0  -0.903  1.0  99.0    a
4924.77   26.0  18381.377  500000.0  -2.216  1.0  99.0    a
4938.814  26.0  23196.508  500000.0  -1.077  1.0  99.0    a
4946.387  26.0  27164.756  500000.0  -1.11   1.0  99.0    a
4983.25   26.0  33504.273  500000.0  -0.122  1.0  99.0    a
4983.853  26.0  33092.934  500000.0  -0.006  1.0  99.0    a
4985.253  26.0  31689.525  500000.0  -0.447  1.0  99.0    a
4985.547  26.0  23107.787  500000.0  -1.331  1.0  99.0    a
5014.942  26.0  31802.445  500000.0  -0.183  1.0  99.0    a
5044.211  26.0  22994.869  500000.0  -2.038  1.0  99.0    a
5068.766  26.0  23712.703  500000.0  -1.041  1.0  99.0    a
5074.748  26.0  34036.598  500000.0  -0.23   1.0  99.0    a
5079.223  26.0  17728.068  500000.0  -2.068  1.0  99.0    a
5090.773  26.0  34326.961  500000.0  -0.44   1.0  99.0    a
5121.639  26.0  34544.73   500000.0  -0.76   1.0  99.0    a
5133.688  26.0  33697.848  500000.0  0.36    1.0  99.0    a
5137.382  26.0  33697.848  500000.0  -0.4    1.0  99.0    a
5162.273  26.0  33697.848  500000.0  0.02    1.0  99.0    a
5198.711  26.0  17929.707  500000.0  -2.135  1.0  99.0    a
5215.18   26.0  26342.07   500000.0  -0.861  1.0  99.0    a
5217.389  26.0  25898.465  500000.0  -1.074  1.0  99.0    a
5229.866  26.0  34036.598  500000.0  -0.31   1.0  99.0    a
5242.491  26.0  29310.191  500000.0  -0.967  1.0  99.0    a
5253.462  26.0  26479.184  500000.0  -1.579  1.0  99.0    a
5263.306  26.0  26342.07   500000.0  -0.88   1.0  99.0    a
5281.79   26.0  24511.191  500000.0  -0.833  1.0  99.0    a
5283.621  26.0  26140.432  500000.0  -0.452  1.0  99.0    a
5302.3    26.0  26479.184  500000.0  -0.738  1.0  99.0    a
5307.361  26.0  12969.396  500000.0  -2.912  1.0  99.0    a
5322.041  26.0  18381.377  500000.0  -2.802  1.0  99.0    a
5339.929  26.0  26342.07   500000.0  -0.635  1.0  99.0    a
5364.871  26.0  35859.414  500000.0  0.228   1.0  99.0    a
5365.399  26.0  28818.191  500000.0  -1.02   1.0  99.0    a
5367.466  26.0  35609.383  500000.0  0.444   1.0  99.0    a
5369.961  26.0  35254.496  500000.0  0.536   1.0  99.0    a
5383.368  26.0  34786.699  500000.0  0.645   1.0  99.0    a
5393.167  26.0  26140.432  500000.0  -0.719  1.0  99.0    a
5400.501  26.0  35254.496  500000.0  -0.16   1.0  99.0    a
5410.91   26.0  36077.184  500000.0  0.398   1.0  99.0    a
5415.199  26.0  35383.547  500000.0  0.643   1.0  99.0    a
5424.068  26.0  34843.156  500000.0  0.52    1.0  99.0    a
5436.588  26.0  18381.377  500000.0  -2.964  1.0  99.0    a
5445.042  26.0  35383.547  500000.0  -0.02   1.0  99.0    a
5463.275  26.0  35770.691  500000.0  0.07    1.0  99.0    a
5466.396  26.0  35254.496  500000.0  -0.63   1.0  99.0    a
5554.894  26.0  36690.164  500000.0  -0.27   1.0  99.0    a
5567.391  26.0  21043.008  500000.0  -2.568  1.0  99.0    a
5569.618  26.0  27559.969  500000.0  -0.517  1.0  99.0    a
5572.842  26.0  27398.658  500000.0  -0.289  1.0  99.0    a
5576.089  26.0  27664.82   500000.0  -0.9    1.0  99.0    a
5586.756  26.0  27164.756  500000.0  -0.111  1.0  99.0    a
5615.297  26.0  20873.631  500000.0  -2.406  1.0  99.0    a
5624.542  26.0  27559.969  500000.0  -0.769  1.0  99.0    a
5638.262  26.0  34036.598  500000.0  -0.72   1.0  99.0    a
5658.816  26.0  27398.658  500000.0  -0.766  1.0  99.0    a
5662.516  26.0  33697.848  500000.0  -0.447  1.0  99.0    a
5701.544  26.0  20639.73   500000.0  -2.193  1.0  99.0    a
5753.122  26.0  34359.223  500000.0  -0.623  1.0  99.0    a
5762.992  26.0  33947.879  500000.0  -0.36   1.0  99.0    a
5916.247  26.0  19784.783  500000.0  -2.994  1.0  99.0    a
5934.654  26.0  31689.525  500000.0  -1.07   1.0  99.0    a
5956.694  26.0  6928.304   500000.0  -4.599  1.0  99.0    a
6008.556  26.0  31326.578  500000.0  -0.98   1.0  99.0    a
6024.058  26.0  36690.164  500000.0  -0.12   1.0  99.0    a
6062.848  26.0  17550.627  500000.0  -4.04   1.0  99.0    a
6082.71   26.0  17929.707  500000.0  -3.576  1.0  99.0    a
6136.994  26.0  17728.068  500000.0  -2.95   1.0  99.0    a
6151.617  26.0  17550.627  500000.0  -3.295  1.0  99.0    a
6173.334  26.0  17929.707  500000.0  -2.88   1.0  99.0    a
6180.203  26.0  22002.807  500000.0  -2.591  1.0  99.0    a
6200.312  26.0  21043.008  500000.0  -2.433  1.0  99.0    a
6219.28   26.0  17728.068  500000.0  -2.432  1.0  99.0    a
6232.64   26.0  29471.502  500000.0  -1.235  1.0  99.0    a
6240.646  26.0  17929.707  500000.0  -3.23   1.0  99.0    a
6246.318  26.0  29060.158  500000.0  -0.771  1.0  99.0    a
6265.132  26.0  17550.627  500000.0  -2.55   1.0  99.0    a
6270.223  26.0  23051.328  500000.0  -2.47   1.0  99.0    a
6318.018  26.0  19784.783  500000.0  -1.804  1.0  99.0    a
6322.685  26.0  20873.631  500000.0  -2.43   1.0  99.0    a
6336.823  26.0  29729.6    500000.0  -0.852  1.0  99.0    a
6344.148  26.0  19623.473  500000.0  -2.919  1.0  99.0    a
6355.028  26.0  22946.477  500000.0  -2.34   1.0  99.0    a
6400.0    26.0  29060.158  500000.0  -0.276  1.0  99.0    a
6408.017  26.0  29729.6    500000.0  -1.005  1.0  99.0    a
6411.648  26.0  29471.502  500000.0  -0.596  1.0  99.0    a
6481.87   26.0  18381.377  500000.0  -2.981  1.0  99.0    a
6498.938  26.0  7726.792   500000.0  -4.687  1.0  99.0    a
6518.366  26.0  22841.623  500000.0  -2.438  1.0  99.0    a
6574.227  26.0  7984.89    500000.0  -5.004  1.0  99.0    a
6581.209  26.0  11977.335  500000.0  -4.679  1.0  99.0    a
6592.912  26.0  22002.807  500000.0  -1.473  1.0  99.0    a
6593.869  26.0  19623.473  500000.0  -2.42   1.0  99.0    a
6609.11   26.0  20639.73   500000.0  -2.691  1.0  99.0    a
6625.022  26.0  8154.267   500000.0  -5.336  1.0  99.0    a
6663.441  26.0  19550.881  500000.0  -2.473  1.0  99.0    a
6677.985  26.0  21712.447  500000.0  -1.418  1.0  99.0    a
6710.318  26.0  11977.335  500000.0  -4.764  1.0  99.0    a
4202.517  26.1  54902      78691     -1.730  1.0  99.0    a
4250.437  26.1  61975      85495     -1.746  1.0  99.0    a
4273.315  26.1  21812      45206     -4.450  1.0  99.0    a
4303.170  26.1  21812      45044     -2.920  1.0  99.0    a
4314.310  26.1  21582      44754     -3.477  1.0  99.0    a
4369.400  26.1  22410      45290     -3.810  1.0  99.0    a
4384.079  26.1  50213      73016     -2.650  1.0  99.0    a
4446.260  26.1  48039      70524     -2.890  1.0  99.0    a
4461.429  26.1  20831      43239     -4.540  1.0  99.0    a
4555.893  26.1  22810      44754     -2.281  1.0  99.0    a
4576.327  26.1  85680      107525    -3.932  1.0  99.0    a
4582.835  26.1  22939      44754     -3.094  1.0  99.0    a
4923.927  26.1  23318.83491  1000000.0  -1.26  1.0  99.0  a
5018.44  26.1  23318.83491  1000000.0  -1.1  1.0  99.0    a
5197.577  26.1  26061.278309999998  1000000.0  -2.22  1.0  99.0  a
5234.625  26.1  25988.68422  1000000.0  -2.18  1.0  99.0   a
5264.812  26.1  26053.2123  1000000.0  -3.13  1.0  99.0  a
5276.002  26.1  25811.232000000004  1000000.0  -2.01  1.0  99.0  a
5284.109  26.1  23318.83491  1000000.0  -3.11  1.0  99.0 a
5325.553  26.1  25988.68422  1000000.0  -3.16  1.0  99.0  a
5414.073  26.1  25988.68422  1000000.0  -3.58  1.0  99.0  a
5425.257  26.1  25811.232000000004  1000000.0  -3.22  1.0  99.0  a
5534.847  26.1  26174.20245  1000000.0  -2.75  1.0  99.0  a
6247.557  26.1  31392.91092  1000000.0  -2.3  1.0  99.0   a
6432.68  26.1  23318.83491  1000000.0  -3.57  1.0  99.0   a
6456.383  26.1  31489.70304  1000000.0  -2.05  1.0  99.0  a
6516.08  26.1  23318.83491  1000000.0  -3.31  1.0  99.0   a
