  4702.991   12.0   35052.859   3.5052859E7  -0.44    99.0   a  
  5528.405    12.0   35052.859   3.5052859E7  -0.498   99.0   a  
  5711.088   12.0   35052.859   3.5052859E7  -1.724   99.0   a  
  5684.484   14.0   39956.711   3.9956711E7  -1.553   99.0   a  
  4526.928   20.0   21849.562   2.1849562E7  -0.548   99.0   a  
  4578.551   20.0   20333.238   2.0333238E7  -0.697   99.0   a  
  4585.865   20.0   20373.566   2.0373566E7  -0.35    99.0   a  
  4585.964   20.0   20373.566   2.0373566E7  -1.416   99.0   a  
  4586.036   20.0   20373.566   2.0373566E7  -2.962   99.0   a  
  5261.704   20.0   20333.238   2.0333238E7  -0.579   99.0   a  
  5349.465   20.0   21849.562   2.1849562E7  -0.31    99.0   a  
  5512.98    20.0   23656.244   2.3656244E7  -0.464   99.0   a  
  5588.749   20.0   20373.566   2.0373566E7  0.358    99.0   a  
  5590.114   20.0   20333.238   2.0333238E7  -0.571   99.0   a  
  5594.462   20.0   20349.371   2.0349371E7  0.097    99.0   a  
  5598.48    20.0   20333.238   2.0333238E7  -0.087   99.0   a  
  5601.277   20.0   20373.566   2.0373566E7  -0.523   99.0   a  
  5857.451   20.0   23656.244   2.3656244E7  0.24     99.0   a  
  6102.439   20.0   20349.371   2.0349371E7  -3.188   99.0   a  
  6102.723   20.0   15155.159   1.5155159E7  -0.85    99.0   a  
  6161.297   20.0   20349.371   2.0349371E7  -1.266   99.0   a  
  6166.439   20.0   20333.238   2.0333238E7  -1.142   99.0   a  
  6169.042   20.0   20349.371   2.0349371E7  -0.797   99.0   a  
  6169.563   20.0   20373.566   2.0373566E7  -0.478   99.0   a  
  6439.075    20.0   20373.566   2.0373566E7  0.39    99.0   a  
  6449.808    20.0   20333.238   2.0333238E7  -0.502   99.0   a  
  6455.598   20.0   20349.371   2.0349371E7  -1.29    99.0   a  
  6499.650    20.0   20349.371   2.0349371E7  -0.818   99.0   a  
  6717.681   20.0   21849.562   2.1849562E7  -0.524   99.0   a  
  5239.813   21.1   11735.368   1.1735368E7  -0.765   99.0   a  
  5318.348    21.1   10944.944   1.0944944E7  -2.015   99.0   a  
  5526.79    21.1   14259.884   1.4259884E7  0.024    99.0   a  
  5641.001   21.1   12098.317   1.2098317E7  -1.131   99.0   a  
  5657.896   21.1   12154.776   1.2154776E7  -0.603   99.0   a  
  5667.148    21.1   12098.317   1.2098317E7  -1.309   99.0   a  
  5684.202   21.1   12154.776   1.2154776E7  -1.074   99.0   a  
  6245.637    21.1   12154.776   1.2154776E7  -1.022   99.0   a  
  4534.55    22.0   20002.553   2.0002553E7  -1.034   99.0   a  
  4534.696   22.0   19325.045   1.9325045E7  -1.626   99.0   a  
  4534.776   22.0   6742.796    6742796.0    0.35     99.0   a  
  4548.764   22.0   6662.14    6662140.0    -0.28    99.0   a  
  4555.483   22.0   6839.582    6839582.0    -0.4    99.0   a  
  4623.073   22.0   18058.756   1.8058756E7  -1.024   99.0   a  
  4623.097   22.0   14025.982   1.4025982E7  0.16    99.0   a  
  4681.909   22.0   387.146     387146.0    -1.03    99.0   a  
  4693.665   22.0   169.376     169376.0    -2.71    99.0   a  
  4870.125   22.0   18139.412   1.8139412E7  0.44     99.0   a  
  4885.079   22.0   15219.684   1.5219684E7  0.41     99.0   a  
  4885.201   22.0   21591.465   2.1591465E7  -1.264   99.0   a   
  4999.503    22.0   6662.14    6662140.0    0.32     99.0   a  
  5009.6445   22.0   169.376    169376.0     -2.2     99.0   a  
  5014.276   22.0   6557.289    6557289.0    0.04     99.0   a  
  5016.161   22.0   6839.582    6839582.0    -0.48    99.0   a  
  5022.868   22.0   6662.14     6662140.0    -0.33    99.0   a  
  5024.844   22.0   6597.616    6597616.0    -0.53    99.0   a  
  5025.57    22.0   16461.777   1.6461777E7   0.25    99.0   a  
  5036.464   22.0   11638.581   1.1638581E7  0.14     99.0   a  
  5038.398   22.0   11533.729   1.1533729E7  0.02     99.0   a  
  5039.957   22.0   169.376     169376.0     -1.08    99.0   a  
  5064.653   22.0   387.146     387146.0     -0.94    99.0   a  
  5145.46    22.0   11775.696   1.1775696E7  -0.54    99.0   a  
  5152.183   22.0   169.376     169376.0     -1.95    99.0   a  
  5210.384   22.0   387.146     387146.0     -0.82    99.0   a  
  5219.701   22.0   169.376     169376.0     -2.22    99.0   a  
  5866.450    22.0   8605.937    8605937.0   -0.79    99.0   a  
  5953.16    22.0   15219.684   1.5219684E7  -0.273   99.0   a   
  6258.102   22.0   11638.581   1.1638581E7  -0.39    99.0   a  
  6261.099   22.0   11533.729   1.1533729E7  -0.53    99.0   a 
  4609.264    22.1   9517.343    9517343.0    -3.32    99.0   a  
  4636.32    22.1   9396.359    9396359.0    -3.23    99.0   a 
  4655.776   22.1   9364.098    9364098.0    -3.289   99.0   a  
  4708.663   22.1   9977.079    9977079.0    -2.35    99.0   a  
  4764.525   22.1   9977.079    9977079.0    -2.69    99.0   a  
  4779.985   22.1   16518.236   1.6518236E7  -1.248   99.0   a  
  4798.531   22.1   8710.789    8710789.0    -2.66    99.0   a  
  4805.085   22.1   16623.09    1.662309E7   -0.96    99.0   a  
  4865.61    22.1   9001.148    9001148.0    -2.7     99.0   a  
  4981.355   22.1   12630.644   1.2630644E7  -3.2     99.0   a  
  5005.167   22.1   12630.644   1.2630644E7  -2.73    99.0   a  
  5013.686   22.1   12759.692   1.2759692E7  -2.14    99.0   a  
  5072.199   22.1   10025.473   1.0025473E7  -4.805   99.0   a  
  5072.286   22.1   25196.764   2.5196764E7  -1.02    99.0   a  
  5129.156    22.1   15260.011   1.5260011E7  -1.34    99.0   a  
  5211.53    22.1   20889.762   2.0889762E7  -1.41    99.0   a  
  5226.538   22.1   12630.644   1.2630644E7  -1.26    99.0   a  
  5268.608   22.1   20954.287   2.0954287E7  -1.61    99.0   a  
  5336.786   22.1   12759.692   1.2759692E7  -1.6     99.0   a  
  5490.693   22.1   12630.644   1.2630644E7  -2.43    99.0   a  
  6559.564   22.1   16518.236   1.6518236E7  -2.175   99.0   a  
  6606.95    22.1   16623.09    1.662309E7   -2.79    99.0   a  
  4586.309   23.0   20792.977   2.0792977E7  -2.687   99.0   a  
  4586.374   23.0   322.622     322622.0     -0.79    99.0   a  
  4875.493   23.0   322.622     322622.0     -0.81    99.0   a  
  5698.519   23.0   8581.74     8581740.0    -0.111   99.0   a  
  5727.048   23.0   8718.854    8718854.0    -0.012   99.0   a  
  6090.214   23.0   8718.854    8718854.0    -0.062   99.0   a  
  6090.544   23.0   8581.74     8581740.0    -2.6     99.0   a  
  6242.8275   23.0   2113.173    2113173.0    -1.55   99.0   a  
  6243.105   23.0   2427.729    2427729.0    -0.98    99.0   a  
  6243.55    23.0   8718.854    8718854.0    -2.055   99.0   a  
  4545.953   24.0   7589.678    7589678.0    -1.37    99.0   a  
  4591.391   24.0   7807.448    7807448.0    -1.74    99.0   a  
  4616.124   24.0   7928.431    7928431.0    -1.19    99.0   a  
  4652.157   24.0   8097.807    8097807.0    -0.913   99.0   a
  4922.264    24.0   25035.453   2.5035453E7  0.38    99.0   a  
  4964.927   24.0   7589.678    7589678.0    -2.526   99.0   a  
  5247.565   24.0   7750.989    7750989.0    -1.59    99.0   a  
  5296.691   24.0   7928.431    7928431.0    -1.36    99.0   a  
  5297.376   24.0   23390.082   2.3390082E7  0.167    99.0   a  
  5298.013    24.0   23390.082   2.3390082E7  0.099    99.0   a  
  5298.271   24.0   7928.431    7928431.0    -1.14    99.0   a  
  5298.49    24.0   23390.082   2.3390082E7  -0.32    99.0   a  
  5329.138    24.0   23502.998   2.3502998E7  -0.064   99.0   a  
  5348.314   24.0   8097.807    8097807.0    -1.21    99.0   a  
  5409.784   24.0   8307.512    8307512.0     -0.67    99.0   a  
  4588.199   24.1   32834.836   3.2834836E7   -0.627   99.0   a  
  4634.07    24.1   32842.898   3.2842898E7  -0.99    99.0   a  
  4824.1265   24.1   31221.725   3.1221725E7  -0.98    99.0   a  
  4876.399   24.1   31084.611   3.1084611E7  -1.481   99.0   a  
  4876.41    24.1   31173.332   3.1173332E7  -1.46    99.0   a  
  4876.473   24.1   31165.268   3.1165268E7  -1.975   99.0   a  
  5237.3275   24.1   32850.965   3.2850965E7   -1.144   99.0   a  
  5313.563   24.1   32859.031   3.2859031E7   -1.526   99.0   a  
  4753.897   25.0   42053.754   4.2053754E7  -0.92    99.0   a  
  4754.04    25.0   18405.574   1.8405574E7  -0.08    99.0   a  
  4762.37    25.0   23293.295   2.3293295E7  0.304    99.0   a  
  4765.849    25.0   23720.768   2.3720768E7  -0.086   99.0   a  
  4766.009   25.0   35690.039   3.5690039E7  -3.054   99.0   a  
  4783.43    25.0   18534.623   1.8534623E7  0.044    99.0   a  
  4823.5195   25.0   18704.0    1.8704E7     0.136    99.0   a  
  4727.744    27.0   15187.422   1.5187422E7  -2.359   99.0   a  
  4727.936    27.0   3484.316    3484316.0    -3.334   99.0   a  
  4867.869   27.0   25140.305   2.5140305E7  0.302    99.0   a  
  5230.208   27.0   14034.049   1.4034049E7  -1.84    99.0   a  
  5230.389   27.0   33149.391   3.3149391E7   -0.317   99.0   a  
  5483.354   27.0   13792.082   1.3792082E7  -1.41    99.0   a  
  6450.085   27.0   17236.07    1.723607E7   -1.85    99.0   a  
  6450.25    27.0   13792.082   1.3792082E7  -1.527   99.0   a  
  4648.646   28.0   27584.164   2.7584164E7  -0.1     99.0   a  
  4714.408   28.0   27261.543   2.7261543E7  0.26     99.0   a  
  4756.51    28.0   28068.098   2.8068098E7  -0.27    99.0   a  
  4829.023   28.0   28568.162   2.8568162E7  -0.14    99.0   a  
  4866.262   28.0   28543.965   2.8543965E7  -0.21    99.0   a  
  4873.256   28.0   30165.139   3.0165139E7  -1.496   99.0   a  
  4873.438   28.0   29834.451   2.9834451E7  -0.38    99.0   a  
  4904.412   28.0   28568.162   2.8568162E7  -0.016   99.0   a  
  4913.973   28.0   30189.336   3.0189336E7  -0.5     99.0   a  
  4918.364   28.0   30979.76    3.097976E7   -0.081   99.0   a  
  4935.831   28.0   31786.312   3.1786312E7  -0.213   99.0   a  
  4937.348   28.0   29084.355   2.9084355E7  -0.39    99.0   a  
  4976.13    28.0   29084.355   2.9084355E7  -1.26    99.0   a  
  4976.325   28.0   13517.854   1.3517854E7  -3.0     99.0   a  
  4980.166   28.0   29084.355   2.9084355E7  0.07     99.0   a  
  4984.116   28.0   30616.809   3.0616809E7  0.31     99.0   a  
  4998.218   28.0   29084.355   2.9084355E7  -0.69    99.0   a  
  5003.741   28.0   13517.854   1.3517854E7  -3.07    99.0   a  
  5017.568   28.0   28543.965   2.8543965E7  -0.02    99.0   a  
  5035.357   28.0   29318.256   2.9318256E7  0.29     99.0   a  
  5079.958   28.0   14727.686   1.4727686E7  -2.75    99.0   a  
  5081.11    28.0   31028.15    3.102815E7   0.462    99.0   a  
  5082.344   28.0   29503.764   2.9503764E7  -0.439   99.0   a  
  5084.096   28.0   29673.141   2.9673141E7  -0.084   99.0   a  
  5099.316   28.0   29479.566   2.9479566E7  -0.44    99.0   a  
  5137.074   28.0   13517.854   1.3517854E7  -1.94    99.0   a  
  5155.764   28.0   31439.494   3.1439494E7  0.074    99.0   a  
  5176.5595   28.0   31439.494   3.1439494E7  -0.3    99.0   a  
  5592.146    28.0   34165.648   3.4165648E7  -0.499  99.0   a  
  5592.262   28.0   15735.878   1.5735878E7  -2.57    99.0   a  
  5754.656   28.0   15606.829   1.5606829E7  -2.33    99.0   a  
  6108.116   28.0   13517.854   1.3517854E7  -2.6     99.0   a  
  6128.973   28.0   13517.854   1.3517854E7  -3.43    99.0   a  
  6191.178   28.0   13517.854   1.3517854E7  -2.47    99.0   a  
  6327.599   28.0   13517.854   1.3517854E7  -3.17    99.0   a  
  6643.63    28.0   13517.854   1.3517854E7  -2.22    99.0   a  
  6767.772   28.0   14727.686   1.4727686E7  -2.14    99.0   a  
  5105.537   29.0   11203.043   1.1203043E7  -1.516   99.0   a    
  6363.776   8.0    161.311     161311.0     -10.19   99.0   a  
  4982.814   11.0   16969.908   1.6969908E7  -0.916   99.0   a  
  6160.747   11.0   16969.908   1.6969908E7  -1.246   99.0   a 
  6698.673   13.0   25350.008   2.5350008E7  -1.87    99.0   a  
  5645.612    14.0   39763.137   3.9763137E7  -2.043   99.0   a  
  5665.555   14.0   39682.484   3.9682484E7  -1.94    99.0   a  
  5772.146    14.0   40989.098   4.0989098E7  -1.653   99.0   a  
  5793.073   14.0   39763.137   3.9763137E7  -1.963   99.0   a  
  5948.541   14.0   40989.098   4.0989098E7  -1.13    99.0   a  
  6125.021    14.0   45279.969   4.5279969E7  -1.464   99.0   a  
  6155.134   14.0   45320.297   4.5320297E7  -0.754   99.0   a  
  6237.3185   14.0   45279.969   4.5279969E7  -0.975   99.0   a  
  6243.815   14.0   45296.102   4.5296102E7  -1.242   99.0   a  
  6244.466   14.0   45296.102   4.5296102E7  -1.093   99.0   a  
  6721.848   14.0   47288.289   4.7288289E7  -1.062   99.0   a 
  5867.562   20.0   23656.244   2.3656244E7  -1.57    99.0   a 
  6169.0415   20.0   20349.371   2.0349371E7  -0.797   99.0   a
  6320.851    21.1   12098.317   1.2098317E7  -1.816   99.0   a  
  6604.601    21.1   10944.944   1.0944944E7  -1.309   99.0   a 
  4742.789    22.0   18034.559   1.8034559E7  0.21    99.0   a  
  4975.343   22.0   20212.256   2.0212256E7   0.15    99.0   a  
  4978.188   22.0   15881.059   1.5881059E7  -0.303   99.0   a
  5087.058   22.0   11533.729   1.1533729E7  -0.88    99.0   a 
  5238.537   22.0   16873.121   1.6873121E7  -0.916   99.0   a  
  5238.588   22.0   6839.582    6839582.0    -2.074   99.0   a  
  5295.776   22.0   8605.937    8605937.0    -1.59    99.0   a  
  5426.25    22.0   169.376     169376.0     -2.95    99.0   a
  6064.625    22.0   8436.561    8436561.0    -1.888   99.0   a  
  6091.171   22.0   18284.59    1.828459E7   -0.32    99.0   a  
  6336.099   22.0   11638.581   1.1638581E7  -1.69    99.0   a  
  6599.105   22.0   7258.99    7258990.0    -2.029   99.0   a  
  6743.121    22.0   7258.99   7258990.0    -1.611   99.0   a  
  6743.187   22.0   20212.256   2.0212256E7  -0.8     99.0   a  
  6849.312   22.0   21470.48    2.147048E7   -0.895   99.0   a  
  4583.409   22.1   9396.359    9396359.0    -2.84    99.0   a 
  5529.999   22.1   12759.692   1.2759692E7  -3.622   99.0   a  
  6680.134   22.1   24962.863   2.4962863E7  -1.89    99.0   a  
  4827.458   23.0   322.622     322622.0     -1.478   99.0   a  
  5670.852    23.0   8718.854    8718854.0    -0.42    99.0   a  
  5703.379    23.0   24640.24    2.464024E7   -2.247   99.0   a  
  5703.575   23.0   8476.888    8476888.0    -0.211   99.0   a  
  5727.652   23.0   8476.888    8476888.0    -0.87    99.0   a  
  5731.241   23.0   8581.74     8581740.0    -0.73    99.0   a  
  5737.059   23.0   8581.74     8581740.0    -0.74    99.0   a  
  6081.441   23.0   8476.888    8476888.0    -0.579   99.0   a 
  6135.059   23.0   10896.551   1.0896551E7  -1.79    99.0   a  
  6135.361    23.0   8476.888    8476888.0    -0.746   99.0   a  
  6216.354   23.0   2218.025    2218025.0    -1.29    99.0   a
  5628.642   24.0   27600.295   2.7600295E7  -0.74    99.0   a  
  5783.85    24.0   26793.74    2.679374E7   -0.295   99.0   a  
  5787.919    24.0   26793.74    2.679374E7   -0.083   99.0   a  
  6330.091   24.0   7589.678    7589678.0    -2.787   99.0   a  
  6630.01    24.0   8307.512    8307512.0    -3.56    99.0   a
  4738.918   25.0   30423.236   3.0423236E7  -3.895   99.0   a  
  4739.09    25.0   23720.768   2.3720768E7  -0.607   99.0   a
  4766.42    25.0   23551.393   2.3551393E7  0.105    99.0   a  
  5420.351    25.0   17284.463   1.7284463E7  -1.462   99.0   a  
  5516.766   25.0   17566.758   1.7566758E7  -1.847   99.0   a  
  6013.51    25.0   24777.355   2.4777355E7  -0.354   99.0   a  
  6016.67    25.0   24785.42    2.478542E7   -0.181   99.0   a  
  6021.82    25.0   24801.551   2.4801551E7  -0.054   99.0   a  
  6022.299   25.0   34843.156   3.4843156E7  -3.189   99.0   a  
  4588.729   27.0   3484.316    3484316.0    -3.82    99.0   a  
  4813.456   27.0   23156.18    2.315618E7   -1.52    99.0   a  
  4813.476   27.0   25938.793   2.5938793E7  0.12     99.0   a
  5331.453   27.0   14396.998   1.4396998E7  -1.99    99.0   a 
  5530.775   27.0   13792.082   1.3792082E7  -2.23    99.0   a  
  5590.738   27.0   16469.844   1.6469844E7  -1.87    99.0   a  
  5647.113   27.0   33463.949   3.3463949E7  -2.415   99.0   a  
  5647.2335  27.0   18389.443   1.8389443E7  -1.56    99.0   a  
  6093.141   27.0   14034.049   1.4034049E7  -2.44    99.0   a  
  6771.034   27.0   15187.422   1.5187422E7  -1.97    99.0   a  
  6814.888   27.0   15776.206   1.5776206E7  -2.545   99.0   a  
  6814.918   27.0   15776.206   1.5776206E7  -1.957   99.0   a  
  6814.938   27.0   15776.206   1.5776206E7  -2.341   99.0   a  
  6814.973   27.0   15776.206   1.5776206E7  -2.328   99.0   a  
  6814.989   27.0   15776.206   1.5776206E7  -2.188   99.0   a 
  4686.102   28.0   29503.764   2.9503764E7  -1.848   99.0   a  
  4686.207   28.0   29011.766   2.9011766E7  -0.58    99.0   a  
  4754.755   28.0   29318.256   2.9318256E7  -0.97    99.0   a
  4852.554   28.0   28568.162   2.8568162E7  -1.07    99.0   a 
  5094.411   28.0   30915.234   3.0915234E7  -0.998   99.0   a 
  5115.392   28.0   30923.301   3.0923301E7  -0.11    99.0   a
  5424.536   28.0   33609.125   3.3609125E7  -1.151   99.0   a  
  5424.645   28.0   15735.878   1.5735878E7  -2.77    99.0   a  
  5587.858   28.0   15606.829   1.5606829E7  -2.39    99.0   a  
  5589.358   28.0   31439.494   3.1439494E7  -0.938   99.0   a
  5593.736   28.0   31439.494   3.1439494E7  -0.682   99.0   a  
  5682.199   28.0   33109.062   3.3109062E7  -0.344   99.0   a  
  5805.217   28.0   33609.125   3.3609125E7  -0.579   99.0   a  
  5846.993   28.0   13517.854   1.3517854E7  -3.46    99.0   a  
  6007.3095  28.0   13517.854   1.3517854E7  -3.4     99.0   a  
  6086.282   28.0   34407.613   3.4407613E7  -0.41    99.0   a
  6176.807   28.0   32971.945   3.2971945E7  -0.26    99.0   a  
  6177.242   28.0   14727.686   1.4727686E7  -3.46    99.0   a
  6586.3095  28.0   15735.878   1.5735878E7  -2.78    99.0   a  
  6635.122   28.0   35641.645   3.5641645E7  -0.765   99.0   a 
  6772.315   28.0   29503.764   2.9503764E7  -0.797   99.0   a  
  5218.197   29.0   30786.186   3.0786186E7  0.264    99.0   a  
  5700.236   29.0   13243.625   1.3243625E7  -2.33    99.0   a
  5682.633   11.0   16953.775   1.6953775E7  -0.706   99.0   a  
  5688.205   11.0   16969.908   1.6969908E7  -0.404   99.0   a
  6696.023   13.0   25350.008   2.5350008E7  -1.569   99.0   a
  5690.425   14.0   39763.137   3.9763137E7  -1.773   99.0   a  
  5701.104   14.0   39763.137   3.9763137E7  -1.953   99.0   a
  5797.856   14.0   39956.711   3.9956711E7  -1.95    99.0   a 
  6131.572   14.0   45296.102   4.5296102E7  -1.556   99.0   a  
  6131.852   14.0   45296.102   4.5296102E7  -1.615   99.0   a 
  6555.4615  14.0   48264.223   4.8264223E7  -0.886   99.0   a 
  4685.268   20.0   23656.244   2.3656244E7  -0.879   99.0   a  
  5260.387   20.0   20333.238   2.0333238E7  -1.719   99.0   a
  5581.965   20.0   20349.371   2.0349371E7  -0.555   99.0   a
  4722.606   22.0   8493.019    8493019.0    -1.47    99.0   a
  4759.27    22.0   18195.869   1.8195869E7  0.59     99.0   a
  5043.584   22.0   6742.796    6742796.0    -1.59    99.0   a  
  5062.102   22.0   17421.578   1.7421578E7  -0.39    99.0   a 
  5689.46    22.0   18526.557   1.8526557E7  -0.36    99.0   a
  5978.541   22.0   15106.767   1.5106767E7  -0.44    99.0   a 
  6126.215    22.0   8605.937    8605937.0    -1.368   99.0   a  
  6325.164   22.0   169.376     169376.0      -3.757   99.0   a
  6554.223   22.0   11638.581   1.1638581E7  -1.15    99.0   a  
  6556.062   22.0   11775.696   1.1775696E7  -1.06    99.0   a
  6861.445   22.0   18284.59    1.828459E7   -0.73    99.0   a 
  6491.566    22.1   16623.09    1.662309E7   -1.942   99.0   a
  5627.633   23.0   8718.854    8718854.0    -0.363   99.0   a
  6039.722    23.0   8581.74    8581740.0    -0.65    99.0   a
  6111.644   23.0   8412.363    8412363.0    -0.715   99.0   a 
  4718.419   24.0   25769.416   2.5769416E7  0.24     99.0   a  
  5300.744    24.0   7928.431    7928431.0    -2.0     99.0   a
  5308.407    24.1   32834.836   3.2834836E7   -1.88    99.0   a
  4761.51    25.0   23817.555   2.3817555E7  -0.274   99.0   a
  4792.853    27.0   26229.154   2.6229154E7  0.001    99.0   a
  5614.773   28.0   33504.273   3.3504273E7  -0.573   99.0   a  
  5641.880   28.0   33109.062   3.3109062E7  -1.046   99.0   a 
  5748.351    28.0  13517.854   1.3517854E7  -3.24    99.0   a
  6175.367   28.0   32980.016   3.2980016E7  -0.389   99.0   a
  6532.873   28.0   15606.829   1.5606829E7  -3.35    99.0   a
  5782.127   29.0   13243.625   1.3243625E7  -1.781   99.0   a  
  4722.153   30.0   32504.148   3.2504148E7  -0.338   99.0   a  
  4810.528   30.0   32891.293   3.2891293E7  -0.16    99.0   a  
